
01/01	NaN	      Nifty 50	      10530.70	      10531.70	      10537.85	      10423.10	      10435.55	        -95.15
01/02	NaN	      Nifty 50	      10435.55	      10477.55	      10495.20	      10404.65	      10442.20	          6.65
01/03	NaN	      Nifty 50	      10442.20	      10482.65	      10503.60	      10429.55	      10443.20	             1
01/04	NaN	      Nifty 50	      10443.20	      10469.40	      10513.00	      10441.45	      10504.80	          61.6
01/05	NaN	      Nifty 50	      10504.80	      10534.25	      10566.10	      10520.10	      10558.85	         54.05
01/08	NaN	      Nifty 50	      10558.85	      10591.70	      10631.20	      10588.55	      10623.60	         64.75
01/09	NaN	      Nifty 50	      10623.60	      10645.10	      10659.15	      10603.60	      10637.00	          13.4
01/10	NaN	      Nifty 50	      10637.00	      10652.05	      10655.50	      10592.70	      10632.20	          -4.8
01/11	NaN	      Nifty 50	      10632.20	      10637.05	      10664.60	      10612.35	      10651.20	            19
01/12	NaN	      Nifty 50	      10651.20	      10682.55	      10690.40	      10597.10	      10681.25	         30.05
01/15	NaN	      Nifty 50	      10681.25	      10718.50	      10782.65	      10713.80	      10741.55	          60.3
01/16	NaN	      Nifty 50	      10741.55	      10761.50	      10762.35	      10687.85	      10700.45	         -41.1
01/17	NaN	      Nifty 50	      10700.45	      10702.45	      10803.00	      10666.75	      10788.55	          88.1
01/18	NaN	      Nifty 50	      10788.55	      10873.40	      10887.50	      10782.40	      10817.00	         28.45
01/19	NaN	      Nifty 50	      10817.00	      10829.20	      10906.85	      10793.90	      10894.70	          77.7
01/22	NaN	      Nifty 50	      10894.70	      10883.20	      10975.10	      10881.40	      10966.20	          71.5
01/23	NaN	      Nifty 50	      10966.20	      10997.40	      11092.90	      10994.55	      11083.70	         117.5
01/24	NaN	      Nifty 50	      11083.70	      11069.35	      11110.10	      11046.15	      11086.00	           2.3
01/25	NaN	      Nifty 50	      11086.00	      11095.60	      11095.60	      11009.20	      11069.65	        -16.35
01/29	NaN	      Nifty 50	      11069.65	      11079.35	      11171.55	      11075.95	      11130.40	         60.75
01/30	NaN	      Nifty 50	      11130.40	      11120.85	      11121.10	      11033.90	      11049.65	        -80.75
01/31	NaN	      Nifty 50	      11049.65	      11018.80	      11058.50	      10979.30	      11027.70	        -21.95
02/01	NaN	      Nifty 50	      11027.70	      11044.55	      11117.35	      10878.80	      11016.90	         -10.8
02/02	NaN	      Nifty 50	      11016.90	      10938.20	      10954.95	      10736.10	      10760.60	        -256.3
02/05	NaN	      Nifty 50	      10760.60	      10604.30	      10702.75	      10586.80	      10666.55	        -94.05
02/06	NaN	      Nifty 50	      10666.55	      10295.15	      10594.15	      10276.30	      10498.25	        -168.3
02/07	NaN	      Nifty 50	      10498.25	      10607.20	      10614.00	      10446.40	      10476.70	        -21.55
02/08	NaN	      Nifty 50	      10476.70	      10518.50	      10637.80	      10479.55	      10576.85	        100.15
02/09	NaN	      Nifty 50	      10576.85	      10416.50	      10480.20	      10398.20	      10454.95	        -121.9
02/12	NaN	      Nifty 50	      10454.95	      10518.20	      10555.50	      10485.40	      10539.75	          84.8
02/14	NaN	      Nifty 50	      10539.75	      10585.75	      10590.55	      10456.65	      10500.90	        -38.85
02/15	NaN	      Nifty 50	      10500.90	      10537.90	      10618.10	      10511.05	      10545.50	          44.6
02/16	NaN	      Nifty 50	      10545.50	      10596.20	      10612.90	      10434.05	      10452.30	         -93.2
02/19	NaN	      Nifty 50	      10452.30	      10488.90	      10489.35	      10302.75	      10378.40	         -73.9
02/20	NaN	      Nifty 50	      10378.40	      10391.00	      10429.35	      10347.65	      10360.40	           -18
02/21	NaN	      Nifty 50	      10360.40	      10426.00	      10426.10	      10349.60	      10397.45	         37.05
02/22	NaN	      Nifty 50	      10397.45	      10354.35	      10397.55	      10340.65	      10382.70	        -14.75
02/23	NaN	      Nifty 50	      10382.70	      10408.10	      10499.10	      10396.65	      10491.05	        108.35
02/26	NaN	      Nifty 50	      10491.05	      10526.55	      10592.95	      10520.20	      10582.60	         91.55
02/27	NaN	      Nifty 50	      10582.60	      10615.20	      10631.65	      10537.25	      10554.30	         -28.3
02/28	NaN	      Nifty 50	      10554.30	      10488.95	      10535.50	      10461.55	      10492.85	        -61.45
03/01	NaN	      Nifty 50	      10492.85	      10479.95	      10525.50	      10447.15	      10458.35	         -34.5
03/05	NaN	      Nifty 50	      10458.35	      10428.30	      10428.70	      10323.90	      10358.85	         -99.5
03/06	NaN	      Nifty 50	      10358.85	      10420.50	      10441.35	      10215.90	      10249.25	        -109.6
03/07	NaN	      Nifty 50	      10249.25	      10232.95	      10243.35	      10141.55	      10154.20	        -95.05
03/08	NaN	      Nifty 50	      10154.20	      10216.25	      10270.35	      10146.40	      10242.65	         88.45
03/09	NaN	      Nifty 50	      10242.65	      10271.30	      10296.70	      10211.90	      10226.85	         -15.8
03/12	NaN	      Nifty 50	      10226.85	      10301.60	      10433.65	      10295.45	      10421.40	        194.55
03/13	NaN	      Nifty 50	      10421.40	      10389.50	      10478.60	      10377.85	      10426.85	          5.45
03/14	NaN	      Nifty 50	      10426.85	      10393.05	      10420.35	      10336.30	      10410.90	        -15.95
03/15	NaN	      Nifty 50	      10410.90	      10405.45	      10420.00	      10346.20	      10360.15	        -50.75
03/16	NaN	      Nifty 50	      10360.15	      10345.15	      10346.30	      10180.25	      10195.15	          -165
03/19	NaN	      Nifty 50	      10195.15	      10215.35	      10224.55	      10075.30	      10094.25	        -100.9
03/20	NaN	      Nifty 50	      10094.25	      10051.55	      10155.65	      10049.10	      10124.35	          30.1
03/21	NaN	      Nifty 50	      10124.35	      10181.95	      10227.30	      10132.95	      10155.25	          30.9
03/22	NaN	      Nifty 50	      10155.25	      10167.50	      10207.85	      10105.40	      10114.75	         -40.5
03/23	NaN	      Nifty 50	      10114.75	       9968.80	      10027.70	       9951.90	       9998.05	        -116.7
03/26	NaN	      Nifty 50	       9998.05	       9989.15	      10143.50	       9958.55	      10130.65	         132.6
03/27	NaN	      Nifty 50	      10130.65	      10188.00	      10207.90	      10139.65	      10184.15	          53.5
03/28	NaN	      Nifty 50	      10184.15	      10143.60	      10158.35	      10096.90	      10113.70	        -70.45
04/02	NaN	      Nifty 50	      10113.70	      10151.65	      10220.10	      10127.75	      10211.80	          98.1
04/03	NaN	      Nifty 50	      10211.80	      10186.85	      10255.35	      10171.05	      10245.00	          33.2
04/04	NaN	      Nifty 50	      10245.00	      10274.60	      10279.85	      10111.30	      10128.40	        -116.6
04/05	NaN	      Nifty 50	      10128.40	      10228.45	      10331.80	      10227.45	      10325.15	        196.75
04/06	NaN	      Nifty 50	      10325.15	      10322.75	      10350.45	      10290.85	      10331.60	          6.45
04/09	NaN	      Nifty 50	      10331.60	      10333.70	      10397.70	      10328.50	      10379.35	         47.75
04/10	NaN	      Nifty 50	      10379.35	      10412.90	      10424.85	      10381.50	      10402.25	          22.9
04/11	NaN	      Nifty 50	      10402.25	      10428.15	      10428.15	      10355.60	      10417.15	          14.9
04/12	NaN	      Nifty 50	      10417.15	      10410.65	      10469.90	      10395.25	      10458.65	          41.5
04/13	NaN	      Nifty 50	      10458.65	      10495.30	      10519.90	      10451.45	      10480.60	         21.95
04/16	NaN	      Nifty 50	      10480.60	      10398.30	      10540.15	      10396.35	      10528.35	         47.75
04/17	NaN	      Nifty 50	      10528.35	      10557.30	      10560.45	      10495.65	      10548.70	         20.35
04/18	NaN	      Nifty 50	      10548.70	      10578.90	      10594.20	      10509.70	      10526.20	         -22.5
04/19	NaN	      Nifty 50	      10526.20	      10563.65	      10572.20	      10546.20	      10565.30	          39.1
04/20	NaN	      Nifty 50	      10565.30	      10560.35	      10582.35	      10527.45	      10564.05	         -1.25
04/23	NaN	      Nifty 50	      10564.05	      10592.80	      10638.35	      10514.95	      10584.70	         20.65
04/24	NaN	      Nifty 50	      10584.70	      10578.10	      10636.80	      10569.00	      10614.35	         29.65
04/25	NaN	      Nifty 50	      10614.35	      10612.40	      10612.60	      10536.45	      10570.55	         -43.8
04/26	NaN	      Nifty 50	      10570.55	      10586.50	      10628.40	      10559.65	      10617.80	         47.25
04/27	NaN	      Nifty 50	      10617.80	      10651.65	      10719.80	      10647.55	      10692.30	          74.5
04/30	NaN	      Nifty 50	      10692.30	      10705.75	      10759.00	      10704.60	      10739.35	         47.05
05/02	NaN	      Nifty 50	      10739.35	      10783.85	      10784.65	      10689.80	      10718.05	         -21.3
05/03	NaN	      Nifty 50	      10718.05	      10720.15	      10720.60	      10647.45	      10679.65	         -38.4
05/04	NaN	      Nifty 50	      10679.65	      10700.45	      10700.45	      10601.60	      10618.25	         -61.4
05/07	NaN	      Nifty 50	      10618.25	      10653.15	      10725.65	      10635.65	      10715.50	         97.25
05/08	NaN	      Nifty 50	      10715.50	      10757.90	      10758.55	      10689.40	      10717.80	           2.3
05/09	NaN	      Nifty 50	      10717.80	      10693.35	      10766.25	      10689.85	      10741.70	          23.9
05/10	NaN	      Nifty 50	      10741.70	      10779.65	      10785.55	      10705.00	      10716.55	        -25.15
05/11	NaN	      Nifty 50	      10716.55	      10741.95	      10812.05	      10724.45	      10806.50	         89.95
05/14	NaN	      Nifty 50	      10806.50	      10815.15	      10834.85	      10774.75	      10806.60	           0.1
05/15	NaN	      Nifty 50	      10806.60	      10812.60	      10929.20	      10781.40	      10801.85	         -4.75
05/16	NaN	      Nifty 50	      10801.85	      10751.95	      10790.45	      10699.70	      10741.10	        -60.75
05/17	NaN	      Nifty 50	      10741.10	      10775.60	      10777.25	      10664.50	      10682.70	         -58.4
05/18	NaN	      Nifty 50	      10682.70	      10671.85	      10674.95	      10589.10	      10596.40	         -86.3
05/21	NaN	      Nifty 50	      10596.40	      10616.70	      10621.70	      10505.80	      10516.70	         -79.7
05/22	NaN	      Nifty 50	      10516.70	      10518.45	      10558.60	      10490.55	      10536.70	            20
05/23	NaN	      Nifty 50	      10536.70	      10521.10	      10533.55	      10417.80	      10430.35	       -106.35
05/24	NaN	      Nifty 50	      10430.35	      10464.85	      10535.15	      10419.80	      10513.85	          83.5
05/25	NaN	      Nifty 50	      10513.85	      10533.05	      10628.05	      10524.00	      10605.15	          91.3
05/28	NaN	      Nifty 50	      10605.15	      10648.35	      10709.80	      10640.55	      10688.65	          83.5
05/29	NaN	      Nifty 50	      10688.65	      10689.40	      10717.25	      10616.10	      10633.30	        -55.35
05/30	NaN	      Nifty 50	      10633.30	      10579.00	      10648.70	      10558.45	      10614.35	        -18.95
05/31	NaN	      Nifty 50	      10614.35	      10670.10	      10763.80	      10620.40	      10736.15	         121.8
06/01	NaN	      Nifty 50	      10736.15	      10738.45	      10764.75	      10681.50	      10696.20	        -39.95
06/04	NaN	      Nifty 50	      10696.20	      10765.95	      10770.30	      10618.35	      10628.50	         -67.7
06/05	NaN	      Nifty 50	      10628.50	      10630.70	      10633.15	      10550.90	      10593.15	        -35.35
06/06	NaN	      Nifty 50	      10593.15	      10603.45	      10698.35	      10587.50	      10684.65	          91.5
06/07	NaN	      Nifty 50	      10684.65	      10722.60	      10818.00	      10722.60	      10768.35	          83.7
06/08	NaN	      Nifty 50	      10768.35	      10736.40	      10779.45	      10709.05	      10767.65	          -0.7
06/11	NaN	      Nifty 50	      10767.65	      10781.85	      10850.55	      10777.05	      10786.95	          19.3
06/12	NaN	      Nifty 50	      10786.95	      10816.15	      10856.55	      10789.40	      10842.85	          55.9
06/13	NaN	      Nifty 50	      10842.85	      10887.50	      10893.25	      10842.65	      10856.70	         13.85
06/14	NaN	      Nifty 50	      10856.70	      10832.90	      10833.70	      10773.55	      10808.05	        -48.65
06/15	NaN	      Nifty 50	      10808.05	      10808.65	      10834.00	      10755.40	      10817.70	          9.65
06/18	NaN	      Nifty 50	      10817.70	      10830.20	      10830.20	      10787.35	      10799.85	        -17.85
06/19	NaN	      Nifty 50	      10799.85	      10789.45	      10789.45	      10701.20	      10710.45	         -89.4
06/20	NaN	      Nifty 50	      10710.45	      10734.65	      10781.80	      10724.05	      10772.05	          61.6
06/21	NaN	      Nifty 50	      10772.05	      10808.45	      10809.60	      10725.90	      10741.10	        -30.95
06/22	NaN	      Nifty 50	      10741.10	      10742.70	      10837.00	      10710.45	      10821.85	         80.75
06/25	NaN	      Nifty 50	      10821.85	      10822.90	      10831.05	      10753.05	      10762.45	         -59.4
06/26	NaN	      Nifty 50	      10762.45	      10742.70	      10805.25	      10732.55	      10769.15	           6.7
06/27	NaN	      Nifty 50	      10769.15	      10785.50	      10785.50	      10652.40	      10671.40	        -97.75
06/28	NaN	      Nifty 50	      10671.40	      10660.80	      10674.20	      10557.70	      10589.10	         -82.3
06/29	NaN	      Nifty 50	      10589.10	      10612.85	      10723.05	      10612.35	      10714.30	         125.2
07/02	NaN	      Nifty 50	      10714.30	      10732.35	      10736.15	      10604.65	      10657.30	           -57
07/03	NaN	      Nifty 50	      10657.30	      10668.60	      10713.30	      10630.25	      10699.90	          42.6
07/04	NaN	      Nifty 50	      10699.90	      10715.00	      10777.15	      10677.75	      10769.90	            70
07/05	NaN	      Nifty 50	      10769.90	      10786.05	      10786.05	      10726.25	      10749.75	        -20.15
07/06	NaN	      Nifty 50	      10749.75	      10744.15	      10816.35	      10735.05	      10772.65	          22.9
07/09	NaN	      Nifty 50	      10772.65	      10838.30	      10860.35	      10807.15	      10852.90	         80.25
07/10	NaN	      Nifty 50	      10852.90	      10902.75	      10956.90	      10876.65	      10947.25	         94.35
07/11	NaN	      Nifty 50	      10947.25	      10956.40	      10976.65	      10923.00	      10948.30	          1.05
07/12	NaN	      Nifty 50	      10948.30	      11006.95	      11078.30	      10999.65	      11023.20	          74.9
07/13	NaN	      Nifty 50	      11023.20	      11056.90	      11071.35	      10999.75	      11018.90	          -4.3
07/16	NaN	      Nifty 50	      11018.90	      11018.95	      11019.50	      10926.25	      10936.85	        -82.05
07/17	NaN	      Nifty 50	      10936.85	      10939.65	      11018.50	      10925.60	      11008.05	          71.2
07/18	NaN	      Nifty 50	      11008.05	      11060.20	      11076.20	      10956.30	      10980.45	         -27.6
07/19	NaN	      Nifty 50	      10980.45	      10999.50	      11006.50	      10935.45	      10957.10	        -23.35
07/20	NaN	      Nifty 50	      10957.10	      10963.50	      11030.25	      10946.20	      11010.20	          53.1
07/23	NaN	      Nifty 50	      11010.20	      11019.85	      11093.40	      11010.95	      11084.75	         74.55
07/24	NaN	      Nifty 50	      11084.75	      11109.00	      11143.40	      11092.50	      11134.30	         49.55
07/25	NaN	      Nifty 50	      11134.30	      11148.40	      11157.15	      11113.25	      11132.00	          -2.3
07/26	NaN	      Nifty 50	      11132.00	      11132.95	      11185.85	      11125.70	      11167.30	          35.3
07/27	NaN	      Nifty 50	      11167.30	      11232.75	      11283.40	      11210.25	      11278.35	        111.05
07/30	NaN	      Nifty 50	      11278.35	      11296.65	      11328.10	      11261.45	      11319.55	          41.2
07/31	NaN	      Nifty 50	      11319.55	      11311.05	      11366.00	      11267.75	      11356.50	         36.95
08/01	NaN	      Nifty 50	      11356.50	      11359.80	      11390.55	      11313.55	      11346.20	         -10.3
08/02	NaN	      Nifty 50	      11346.20	      11328.90	      11328.90	      11234.95	      11244.70	        -101.5
08/03	NaN	      Nifty 50	      11244.70	      11297.80	      11368.00	      11294.55	      11360.80	         116.1
08/06	NaN	      Nifty 50	      11360.80	      11401.50	      11427.65	      11370.60	      11387.10	          26.3
08/07	NaN	      Nifty 50	      11387.10	      11423.15	      11428.95	      11359.70	      11389.45	          2.35
08/08	NaN	      Nifty 50	      11389.45	      11412.50	      11459.95	      11379.30	      11450.00	         60.55
08/09	NaN	      Nifty 50	      11450.00	      11493.25	      11495.20	      11454.10	      11470.70	          20.7
08/10	NaN	      Nifty 50	      11470.70	      11474.95	      11478.75	      11419.65	      11429.50	         -41.2
08/13	NaN	      Nifty 50	      11429.50	      11369.60	      11406.30	      11340.30	      11355.75	        -73.75
08/14	NaN	      Nifty 50	      11355.75	      11381.70	      11452.45	      11370.80	      11435.10	         79.35
08/16	NaN	      Nifty 50	      11435.10	      11397.15	      11449.85	      11366.25	      11385.05	        -50.05
08/17	NaN	      Nifty 50	      11385.05	      11437.15	      11486.45	      11431.80	      11470.75	          85.7
08/20	NaN	      Nifty 50	      11470.75	      11502.10	      11565.30	      11499.65	      11551.75	            81
08/21	NaN	      Nifty 50	      11551.75	      11576.20	      11581.75	      11539.60	      11570.90	         19.15
08/23	NaN	      Nifty 50	      11570.90	      11620.70	      11620.70	      11546.70	      11582.75	         11.85
08/24	NaN	      Nifty 50	      11582.75	      11566.60	      11604.60	      11532.00	      11557.10	        -25.65
08/27	NaN	      Nifty 50	      11557.10	      11605.85	      11700.95	      11595.60	      11691.95	        134.85
08/28	NaN	      Nifty 50	      11691.95	      11731.95	      11760.20	      11710.50	      11738.50	         46.55
08/29	NaN	      Nifty 50	      11738.50	      11744.95	      11753.20	      11678.85	      11691.90	         -46.6
08/30	NaN	      Nifty 50	      11691.90	      11694.75	      11698.80	      11639.70	      11676.80	         -15.1
08/31	NaN	      Nifty 50	      11676.80	      11675.85	      11727.65	      11640.10	      11680.50	           3.7
09/03	NaN	      Nifty 50	      11680.50	      11751.80	      11751.80	      11567.40	      11582.35	        -98.15
09/04	NaN	      Nifty 50	      11582.35	      11598.75	      11602.55	      11496.85	      11520.30	        -62.05
09/05	NaN	      Nifty 50	      11520.30	      11514.85	      11542.65	      11393.85	      11476.95	        -43.35
09/06	NaN	      Nifty 50	      11476.95	      11514.15	      11562.25	      11436.05	      11536.90	         59.95
09/07	NaN	      Nifty 50	      11536.90	      11558.25	      11603.00	      11484.40	      11589.10	          52.2
09/10	NaN	      Nifty 50	      11589.10	      11570.25	      11573.00	      11427.30	      11438.10	          -151
09/11	NaN	      Nifty 50	      11438.10	      11476.85	      11479.40	      11274.00	      11287.50	        -150.6
09/12	NaN	      Nifty 50	      11287.50	      11340.10	      11380.75	      11250.20	      11369.90	          82.4
09/14	NaN	      Nifty 50	      11369.90	      11443.50	      11523.25	      11430.55	      11515.20	         145.3
09/17	NaN	      Nifty 50	      11515.20	      11464.95	      11464.95	      11366.90	      11377.75	       -137.45
09/18	NaN	      Nifty 50	      11377.75	      11381.55	      11411.45	      11268.95	      11278.90	        -98.85
09/19	NaN	      Nifty 50	      11278.90	      11326.65	      11332.05	      11210.90	      11234.35	        -44.55
09/21	NaN	      Nifty 50	      11234.35	      11271.30	      11346.80	      10866.45	      11143.10	        -91.25
09/24	NaN	      Nifty 50	      11143.10	      11164.40	      11170.15	      10943.60	      10967.40	        -175.7
09/25	NaN	      Nifty 50	      10967.40	      10969.95	      11080.60	      10882.85	      11067.45	        100.05
09/26	NaN	      Nifty 50	      11067.45	      11145.55	      11145.55	      10993.05	      11053.80	        -13.65
09/27	NaN	      Nifty 50	      11053.80	      11079.80	      11089.45	      10953.35	      10977.55	        -76.25
09/28	NaN	      Nifty 50	      10977.55	      11008.10	      11034.10	      10850.30	      10930.45	         -47.1
10/01	NaN	      Nifty 50	      10930.45	      10930.90	      11035.65	      10821.55	      11008.30	         77.85
10/03	NaN	      Nifty 50	      11008.30	      10982.70	      10989.05	      10843.75	      10858.25	       -150.05
10/04	NaN	      Nifty 50	      10858.25	      10754.70	      10754.70	      10547.25	      10599.25	          -259
10/05	NaN	      Nifty 50	      10599.25	      10514.10	      10540.65	      10261.90	      10316.45	        -282.8
10/08	NaN	      Nifty 50	      10316.45	      10310.15	      10398.35	      10198.40	      10348.05	          31.6
10/09	NaN	      Nifty 50	      10348.05	      10390.30	      10397.60	      10279.35	      10301.05	           -47
10/10	NaN	      Nifty 50	      10301.05	      10331.85	      10482.35	      10318.25	      10460.10	        159.05
10/11	NaN	      Nifty 50	      10460.10	      10169.80	      10335.95	      10138.60	      10234.65	       -225.45
10/12	NaN	      Nifty 50	      10234.65	      10331.55	      10492.45	      10322.15	      10472.50	        237.85
10/15	NaN	      Nifty 50	      10472.50	      10524.20	      10526.30	      10410.15	      10512.50	            40
10/16	NaN	      Nifty 50	      10512.50	      10550.15	      10604.90	      10525.30	      10584.75	         72.25
10/17	NaN	      Nifty 50	      10584.75	      10688.70	      10710.15	      10436.45	      10453.05	        -131.7
10/19	NaN	      Nifty 50	      10453.05	      10339.70	      10380.10	      10249.60	      10303.55	        -149.5
10/22	NaN	      Nifty 50	      10303.55	      10405.85	      10408.55	      10224.00	      10245.25	         -58.3
10/23	NaN	      Nifty 50	      10245.25	      10152.60	      10222.10	      10102.35	      10146.80	        -98.45
10/24	NaN	      Nifty 50	      10146.80	      10278.15	      10290.65	      10126.70	      10224.75	         77.95
10/25	NaN	      Nifty 50	      10224.75	      10135.05	      10166.60	      10079.30	      10124.90	        -99.85
10/26	NaN	      Nifty 50	      10124.90	      10122.35	      10128.85	      10004.55	      10030.00	         -94.9
10/29	NaN	      Nifty 50	      10030.00	      10078.10	      10275.30	      10020.35	      10250.85	        220.85
10/30	NaN	      Nifty 50	      10250.85	      10239.40	      10285.10	      10175.35	      10198.40	        -52.45
10/31	NaN	      Nifty 50	      10198.40	      10209.55	      10396.00	      10105.10	      10386.60	         188.2
11/01	NaN	      Nifty 50	      10386.60	      10441.70	      10441.90	      10341.90	      10380.45	         -6.15
11/02	NaN	      Nifty 50	      10380.45	      10462.30	      10606.95	      10457.70	      10553.00	        172.55
11/05	NaN	      Nifty 50	      10553.00	      10558.75	      10558.80	      10477.00	      10524.00	           -29
11/06	NaN	      Nifty 50	      10524.00	      10552.00	      10600.25	      10491.45	      10530.00	             6
11/07	NaN	      Nifty 50	      10530.00	      10614.45	      10616.45	      10582.30	      10598.40	          68.4
11/09	NaN	      Nifty 50	      10598.40	      10614.70	      10619.55	      10544.85	      10585.20	         -13.2
11/12	NaN	      Nifty 50	      10585.20	      10607.80	      10645.50	      10464.05	      10482.20	          -103
11/13	NaN	      Nifty 50	      10482.20	      10451.90	      10596.25	      10440.55	      10582.50	         100.3
11/14	NaN	      Nifty 50	      10582.50	      10634.90	      10651.60	      10532.70	      10576.30	          -6.2
11/15	NaN	      Nifty 50	      10576.30	      10580.60	      10646.50	      10557.50	      10616.70	          40.4
11/16	NaN	      Nifty 50	      10616.70	      10644.00	      10695.15	      10631.15	      10682.20	          65.5
11/19	NaN	      Nifty 50	      10682.20	      10731.25	      10774.70	      10688.80	      10763.40	          81.2
11/20	NaN	      Nifty 50	      10763.40	      10740.10	      10740.85	      10640.85	      10656.20	        -107.2
11/21	NaN	      Nifty 50	      10656.20	      10670.95	      10671.30	      10562.35	      10600.05	        -56.15
11/22	NaN	      Nifty 50	      10600.05	      10612.65	      10646.25	      10512.00	      10526.75	         -73.3
11/26	NaN	      Nifty 50	      10526.75	      10568.30	      10637.80	      10489.75	      10628.60	        101.85
11/27	NaN	      Nifty 50	      10628.60	      10621.45	      10695.15	      10596.35	      10685.60	            57
11/28	NaN	      Nifty 50	      10685.60	      10708.75	      10757.80	      10699.85	      10728.85	         43.25
11/29	NaN	      Nifty 50	      10728.85	      10808.70	      10883.05	      10782.35	      10858.70	        129.85
11/30	NaN	      Nifty 50	      10858.70	      10892.10	      10922.45	      10835.10	      10876.75	         18.05
12/03	NaN	      Nifty 50	      10876.75	      10930.70	      10941.20	      10845.35	      10883.75	             7
12/04	NaN	      Nifty 50	      10883.75	      10877.10	      10890.95	      10833.35	      10869.50	        -14.25
12/05	NaN	      Nifty 50	      10869.50	      10820.45	      10821.05	      10747.95	      10782.90	         -86.6
12/06	NaN	      Nifty 50	      10782.90	      10718.15	      10722.65	      10588.25	      10601.15	       -181.75
12/07	NaN	      Nifty 50	      10601.15	      10644.80	      10704.55	      10599.35	      10693.70	         92.55
12/10	NaN	      Nifty 50	      10693.70	      10508.70	      10558.85	      10474.95	      10488.45	       -205.25
12/11	NaN	      Nifty 50	      10488.45	      10350.05	      10567.15	      10333.85	      10549.15	          60.7
12/12	NaN	      Nifty 50	      10549.15	      10591.00	      10752.20	      10560.80	      10737.60	        188.45
12/13	NaN	      Nifty 50	      10737.60	      10810.75	      10838.60	      10749.50	      10791.55	         53.95
12/14	NaN	      Nifty 50	      10791.55	      10784.50	      10815.75	      10752.10	      10805.45	          13.9
12/17	NaN	      Nifty 50	      10805.45	      10853.20	      10900.35	      10844.85	      10888.35	          82.9
12/18	NaN	      Nifty 50	      10888.35	      10850.90	      10915.40	      10819.10	      10908.70	         20.35
12/19	NaN	      Nifty 50	      10908.70	      10930.55	      10985.15	      10928.00	      10967.30	          58.6
12/20	NaN	      Nifty 50	      10967.30	      10885.20	      10962.55	      10880.05	      10951.70	         -15.6
12/21	NaN	      Nifty 50	      10951.70	      10944.25	      10963.65	      10738.65	      10754.00	        -197.7
12/24	NaN	      Nifty 50	      10754.00	      10780.90	      10782.30	      10649.25	      10663.50	         -90.5
12/26	NaN	      Nifty 50	      10663.50	      10635.45	      10747.50	      10534.55	      10729.85	         66.35
12/27	NaN	      Nifty 50	      10729.85	      10817.90	      10834.20	      10764.45	      10779.80	         49.95
12/28	NaN	      Nifty 50	      10779.80	      10820.95	      10893.60	      10817.15	      10859.90	          80.1
12/31	NaN	      Nifty 50	      10859.90	      10913.20	      10923.55	      10853.20	      10862.55	          2.65