378.80
2631.20
19721.75
1724.65
499.80

28814.35
1185.65
518.2
665.55
410.95

2410.8
311.65
199.5
3264.45
9386.25

431.6
29237.0
487.7
201.25
1012.0

374.40
276.15
784.35
421.15
388.55

509.8
197.0
201.0
1193.05
772.3

580.5
28097.5
268.8
370.8
506.4

28444.7
173.5
786.2
1188.95
2425.35

1705.25
318.8
269.4
1770.1
612.1

774.35
658.00
916.55
504.50
19903.65

478.4
27891.2
197.2
1687.35
949.25

290.95
420.3
1701.2
924.5
334.9

595.85
325.35
1356.95
194.1
1046.5

346.05
433.45
258.0
4300.0
753.0

268.45
4330.00
1150.00
576.15
9310.10

395.9
470.8
315.25
481.15
1884.65

260.15
26404.05
313.95
603.2
389.15

452.70
400.30
360.80
26519.40
258.95

788.50
312.10
635.25
436.65
3641.75

2306.15
902.75
476.1
440.6
393.0

26923.6
351.55
1108.95
752.05
1128.3

696.75
2157.95
758.85
587.05
1371.25

551.2
192.7
2123.55
605.45
847.0

1604.95
3185.55
4146.40
566.25
383.85

1788.6
1353.05
1682.85
404.8
1033.8

806.05
377.8
938.55
603.1
2955.05

261.9
429.8
349.2
314.45
289.8

378.65
589.5
193.2
163.25
368.75

335.4
1102.8
338.25
1805.45
590.35

276.2
937.8
460.1
382.65
327.4

319.8
278.7
543.7
331.05
188.3

1272.35
3494.2
611.1
589.3
419.7

27089.5
572.45
1251.05
268.5
312.05

651.3
394.9
2163.65
709.0
1290.6

708.4
535.8
571.0
1244.05
312.35

541.45
239.9
1600.35
1623.5
637.55

429.9
189.8
2167.05
193.25
700.55

463.2
1104.8
27185.95
735.4
1138.6

544.8
1150.2
610.55
3042.35
291.75

252.35
528.75
268.0
535.35
309.15

323.25
376.75
304.95
1324.25
1256.3

303.35
263.5
720.9
315.9
790.15

346.5
225.85
606.2
659.75
240.65

524.85
286.7
707.8
246.65
702.0

387.95
256.8
1206.35
296.95
401.3

506.8
606.75
303.25
436.9
220.2

622.9
519.2
386.6
311.15
512.65

294.85
581.65
254.7
0
0

2886.9
1081.75
965.05
169.7
293.1

192.05
337.9
371.55
3640.8
180.3

184.75
312.9
900.05
441.0
298.1

272.3
3972.4
177.9
335.7
1102.55

937.2
593.0
400.4
633.4
424.9

285.75
172.45
175.55
430.65
551.05

580.9
358.25
17350.2
338.2
559.2

413.45
339.0
234.8
284.65
275.55

283.3
210.55
303.35
507.3
740.15

274.05
320.95
346.9
1154.0
174.85

328.55
336.15
398.7
2744.7
3542.8

395.1
578.8
282.3
369.7
507.85

270.05
174.15
501.55
278.95
207.95

606.3
281.6
200.8
175.4
904.35

756.95
214.15
580.45
289.9
920.05

558.95
384.95
0
0
0

380.3
1111.25
281.35
953.25
1327.9

573.75
789.7
353.25
1113.4
284.1

5420.2
3739.35
1312.3
355.8
789.0

337.25
418.65
168.25
372.35
253.8

291.65
779.85
2089.95
594.05
383.1

408.2
5386.15
999.9
165.0
542.4

336.45
1125.2
284.75
248.15
330.05

518.25
336.05
292.65
512.0
1369.6

301.5
512.9
952.75
790.35
665.2

371.4
299.05
160.1
956.55
505.7

313.05
279.4
606.6
242.45
5294.0

1329.25
236.75
744.7
1080.4
297.4

232.05
287.15
1160.35
686.4
290.2

325.35
296.35
290.3
234.0
578.2

320.25
801.45
408.75
276.15
2097.75

1052.75
670.6
3532.1
278.75
8814.95

523.75
972.7
733.4
313.8
323.7

286.2
925.7
585.45
231.55
281.9

929.85
703.65
29208.4
1249.25
1233.45

513.7
2915.3
282.25
347.9
536.1

774.85
2074.95
3441.2
268.15
590.65

860.10
1375.65
1170.70
1849.10
347.85

3998.55
390.20
755.55
497.20
1837.40

1990.50
330.80
1239.95
573.70
5345.45

383.15
473.8
920.0
323.6
3648.3

931.0
572.65
310.1
847.05
1199.9

310.25
263.5
243.1
1184.8
330.65

296.0
3957.8
553.75
330.35
945.35

231.5
709.45
282.3
361.35
1853.0

520.45
264.85
289.3
1108.35
295.9

453.0
2009.6
682.3
334.7
307.7

153.5
3700.8
317.3
3495.1
273.45

283.25
250.6
548.2
371.35
167.7

294.15
175.45
319.15
1030.65
2758.5

284.8
675.25
310.7
275.3
299.25

677.85
207.0
905.1
3523.5
242.5

284.9
267.15
557.45
704.7
343.15

311.85
282.5
234.2
285.8
1039.8

1732.45
484.35
287.2
238.5
3626.3

29377.65
335.05
5748.55
171.10
566.15

1145.00
2063.60
364.30
373.60
5770.95

550.95
290.65
1180.1
899.45
379.75

701.85
315.0
1290.8
540.7
172.65

896.0
1888.7
29513.0
289.9
1318.35

244.7
195.7
1839.45
414.4
1049.1

580.0
688.7
914.8
195.05
174.15

375.65
245.0
29448.6
687.55
284.0

569.55
374.45
554.2
2243.25
376.5

1281.25
372.95
707.25
282.5
167.75

231.0
173.9
3669.5
331.65
276.85

225.8
224.3
371.2
1303.25
2270.6

228.7
165.4
307.9
652.25
904.4

646.0
170.25
315.2
159.7
2316.4

908.2
877.55
2336.25
286.0
159.55

1004.45
298.95
259.0
29440.0
634.15

276.85
299.1
288.1
415.25
1270.05

271.05
965.85
602.3
187.2
543.2

366.95
261.35
154.35
319.55
271.4

655.45
259.2
373.3
878.5
1142.5

2240.35
1948.8
657.2
3415.4
886.65

155.0
370.75
226.1
362.75
1125.5

228.05
299.5
273.25
1922.5
3790.65

256.45
968.6
626.55
371.55
152.15

829.65
1284.25
553.5
219.1
977.55

622.9
643.85
568.8
301.85
151.25

1875.1
3959.8
832.85
538.4
3583.5

265.15
154.55
1914.8
1149.85
900.45

581.95
265.25
220.3
211.4
808.45

562.55
210.45
3138.65
1317.4
935.35

508.05
301.15
559.8
153.8
522.1

2065.3
532.35
827.4
548.65
257.95

1643.75
646.3
336.8
2065.65
27222.55

498.65
197.6
208.2
552.0
252.5

195.65
286.0
1333.3
625.8
1270.35

2684.15
278.9
162.5
211.6
389.7

3108.25
2648.65
272.95
999.55
641.5

1314.9
3110.05
2705.05
6949.5
2638.6

153.35
812.85
952.6
541.65
4142.8

9310.4
370.0
165.4
283.6
397.2

2067.2
6895.85
390.8
262.5
183.2

965.1
1365.1
2179.5
2697.9
1302.3

545.15
1284.35
27298.7
1970.15
396.0

207.9
9142.4
214.15
26960.85
298.55

374.5
1309.5
9187.0
1176.95
920.65

667.1
254.05
999.4
1397.4
3297.1

374.7
2258.8
1283.7
927.25
1730.05

374.6
276.0
282.7
387.3
308.7

822.85
9146.05
280.45
388.95
2658.6

369.8
621.05
920.1
169.25
636.6

294.15
375.45
563.9
248.7
216.3

376.65
270.05
1291.05
160.7
294.9

609.65
3282.65
1231.65
266.15
370.3

1263.25
215.2
503.5
1885.65
219.7

379.05
3304.0
28382.8
168.7
9074.35

1383.95
378.1
916.3
1004.6
888.6

571.65
357.75
1772.8
214.8
963.1

255.5
356.95
154.25
259.0
222.1

383.0
890.9
3223.75
339.9
378.65

621.2
6971.45
2414.5
0
0

367.45
365.15
257.7
643.5
1755.85

285.60
196.95
1274.45
27602.15
893.65

28059.75
2856.6
253.8
9096.4
1046.45

339.05
6652.9
1229.15
2724.05
947.8

2746.3
1651.2
194.45
641.8
763.9

729.9
1028.1
4159.45
1321.3
1219.55

270.95
1608.6
470.4
867.15
372.3

470.4
242.55
8719.2
323.4
2744.2

323.65
638.0
371.95
1883.55
192.95

2600.75
1130.25
630.4
6362.15
943.15

826.45
605.55
193.8
306.8
262.4

636.4
266.6
252.65
354.5
328.35

274.95
1078.4
725.95
372.55
0

642.5
266.7
2570.4
1855.7
251.5

271.5
1159.25
251.35
252.6
2790.1

6259.7
1762.45
450.85
2379.4
665.8

226.4
981.95
2260.8
751.45
651.4

929.65
25599.70
893.00
1773.35
1696.75

999.80
261.50
223.75
375.10
192.85

225.25
267.85
318.95
293.30
265.35

183.65
856.85
2168.00
6006.20
7347.95

200.85
906.10
242.90
326.75
2973.00

318.45
251.15
572.25
3860.30
1638.70

794.70
21907.85
256.15
2064.80
586.25

165.10
265.30
118.05
1048.85
21190.45

179.20
264.90
124.85
149.80
343.90

212.10
224.25
696.10
321.65
1712.75

188.75
788.55
22582.35
180.70
1225.95

259.75
673.35
1979.95
313.05
1009.00

931.95
5813.55
263.75
576.50
2287.35

1949.50
1002.95
2566.85
694.55
0

5657.10
1546.20
212.15
777.70
352.30

788.65
21978.1
640.45
260.0
361.65

653.8
2140.5
217.9
315.35
283.55

713.15
980.05
211.5
1658.3
1062.65

1473.15
269.55
3343.65
1054.7
5167.75

1186.9
570.7
308.8
809.0
3383.55

198.35
2477.55
784.7
2390.5
305.6

683.9
297.95
622.7
203.65
221.25

181.3
340.0
566.7
985.65
782.45

1364.3
1912.75
1123.8
21026.15
292.6

224.15
266.15
275.1
629.25
138.45

261.1
2461.6
556.6
231.25
6711.75

1004.6
2423.25
690.9
262.3
662.25

696.35
324.10
2420.90
2359.40
563.05

530.8
137.35
829.1
1475.45
285.1

209.75
533.35
229.6
286.55
606.85

450.15
613.2
0
0
0

664.20
2415.55
229.25
296.20
364.75

232.8
179.5
141.4
2285.0
231.55

520.1
176.8
839.3
185.95
519.55

515.1
714.9
347.55
988.75
1162.25

831.9
191.0
766.2
154.05
259.6

204.80
733.80
336.65
582.40
142.55

706.6
344.05
2380.1
357.9
153.1

198.15
223.15
705.35
314.15
2601.8

1812.55
620.75
179.8
690.8
979.05

747.90
136.95
845.35
3959.85
218.80

182.65
146.10
493.85
251.90
2588.75

2999.15
486.0
162.1
308.85
310.3

160.45
328.5
317.2
134.85
177.25

1015.0
180.15
140.3
705.95
1968.25

224.90
256.00
175.45
732.60
355.50

442.9
740.3
751.45
228.2
485.15

412.95
718.05
826.0
1973.3
280.15

420.15
217.9
510.2
195.35
162.65

694.25
5849.9
162.4
0
0

942.00
332.05
686.60
399.00
238.15

1218.70
692.90
3874.10
1097.55
355.75

219.30
136.10
305.55
2085.30
329.40

2596.85
249.20
225.15
944.15
0

180.35
420.65
764.75
23716.15
1989.75

1960.35
971.65
299.85
339.60
935.30

1237.10
676.60
6152.65
776.60
317.80

465.15
755.70
664.85
709.45
340.70

959.50
429.05
667.05
1612.85
1954.05

816.40
291.90
322.10
200.05
307.90

135.05
736.45
361.10
7529.15
819.25

296.30
3175.20
134.65
2734.60
145.55

411.15
178.10
1908.95
168.25
149.70

170.85
3122.6
512.85
2621.9
316.55

240.75
259.00
362.75
2720.15
1893.05

